Accuracy: 0.95
Precision: 0.9795918367346939
Recall: 0.9230769230769231
F1 Score: 0.9504950495049506
