Accuracy: 0.975
Precision: 1.0
Recall: 0.9519230769230769
F1 Score: 0.9753694581280787
