Accuracy: 0.97
Precision: 1.0
Recall: 0.9423076923076923
F1 Score: 0.9702970297029703
