Accuracy: 0.9994465965688988
Precision: 0.9988962472406181
Recall: 1.0
F1 Score: 0.9994478188845942
