Accuracy: 0.985
Precision: 0.9902912621359223
Recall: 0.9807692307692307
F1 Score: 0.9855072463768114
