Accuracy: 0.965
Precision: 0.9801980198019802
Recall: 0.9519230769230769
F1 Score: 0.9658536585365853
