Accuracy: 0.96
Precision: 0.9615384615384616
Recall: 0.9615384615384616
F1 Score: 0.9615384615384616
